#HEIGHTMAP: X Y HEIGHT RESTRICTIONS CLASSIFICATION
28 1 0 0 00
5 2 2 0 00
6 2 2 0 00
7 2 2 0 00
8 2 2 0 00
9 2 2 0 00
10 2 2 0 00
11 2 2 0 00
12 2 2 0 00
13 2 1 0 00
14 2 1 0 00
15 2 1 0 00
16 2 1 0 00
17 2 0 0 00
18 2 0 0 00
19 2 0 0 00
20 2 0 0 00
21 2 1 0 00
22 2 1 0 00
23 2 1 0 00
24 2 0 0 00
25 2 0 0 00
26 2 0 0 00
27 2 0 0 00
28 2 2 0 00
29 2 2 0 00
30 2 2 0 00
31 2 0 0 00
32 2 0 0 00
33 2 0 0 00
34 2 0 0 00
35 2 0 0 00
36 2 0 0 00
37 2 0 0 00
38 2 0 0 00
39 2 0 0 00
40 2 0 0 00
41 2 0 0 00
42 2 0 0 00
43 2 0 0 00
44 2 0 0 00
5 3 2 0 00
6 3 2 0 00
7 3 2 0 00
8 3 2 0 00
9 3 2 0 00
10 3 2 0 00
11 3 2 0 00
12 3 2 0 00
13 3 1 0 00
14 3 1 0 00
15 3 1 0 00
16 3 1 0 00
17 3 0 0 00
18 3 0 0 00
19 3 0 0 00
20 3 0 0 00
21 3 1 0 00
22 3 1 0 00
23 3 1 0 00
24 3 0 0 00
25 3 0 0 00
26 3 0 0 00
27 3 0 0 00
28 3 2 0 00
29 3 2 0 00
30 3 2 0 00
31 3 0 0 00
32 3 0 0 00
33 3 0 0 00
34 3 0 0 00
35 3 0 0 00
36 3 0 0 00
37 3 0 0 00
38 3 0 0 00
39 3 0 0 00
40 3 0 0 00
41 3 0 0 00
42 3 0 0 00
43 3 0 0 00
44 3 0 0 00
5 4 2 0 00
6 4 2 0 00
7 4 2 0 00
8 4 2 0 00
9 4 2 0 00
10 4 2 0 00
11 4 2 0 00
12 4 2 0 00
13 4 1 0 00
14 4 1 0 00
15 4 1 0 00
16 4 1 0 00
17 4 0 0 00
18 4 0 0 00
19 4 0 0 00
20 4 0 0 00
21 4 1 0 00
22 4 1 0 00
23 4 1 0 00
24 4 0 0 00
25 4 0 0 00
26 4 0 0 00
27 4 0 0 00
28 4 2 0 00
29 4 2 0 00
30 4 2 0 00
31 4 0 0 00
32 4 0 0 00
33 4 0 0 00
34 4 0 0 00
35 4 0 0 00
36 4 0 0 00
37 4 0 0 00
38 4 0 0 00
39 4 0 0 00
40 4 0 0 00
41 4 0 0 00
42 4 0 0 00
43 4 0 0 00
44 4 0 0 00
5 5 2 0 00
6 5 2 0 00
7 5 2 0 00
8 5 2 0 00
9 5 2 0 00
10 5 2 0 00
11 5 2 0 00
12 5 2 0 00
13 5 1 0 00
14 5 1 0 00
15 5 1 0 00
16 5 1 0 00
17 5 0 0 00
18 5 0 0 00
19 5 0 0 00
20 5 0 0 00
21 5 1 0 00
22 5 1 0 00
23 5 1 0 00
24 5 0 0 00
25 5 0 0 00
26 5 0 0 00
27 5 0 0 00
28 5 2 0 00
29 5 2 0 00
30 5 2 0 00
31 5 0 0 00
32 5 0 0 00
33 5 0 0 00
34 5 0 0 00
35 5 0 0 00
36 5 0 0 00
37 5 0 0 00
38 5 0 0 00
39 5 0 0 00
40 5 0 0 00
41 5 0 0 00
42 5 0 0 00
43 5 0 0 00
44 5 0 0 00
5 6 2 0 00
6 6 2 0 00
7 6 2 0 00
8 6 2 0 00
9 6 2 0 00
10 6 2 0 00
11 6 2 0 00
12 6 2 0 00
13 6 1 0 00
14 6 1 0 00
15 6 1 0 00
16 6 1 0 00
17 6 0 0 00
18 6 0 0 00
19 6 0 0 00
20 6 0 0 00
21 6 1 0 00
22 6 1 0 00
23 6 1 0 00
24 6 0 0 00
25 6 0 0 00
26 6 0 0 00
27 6 0 0 00
28 6 2 0 00
29 6 2 0 00
30 6 2 0 00
31 6 0 0 00
32 6 0 0 00
33 6 0 0 00
34 6 0 0 00
35 6 0 0 00
36 6 0 0 00
37 6 1 0 00
38 6 1 0 00
39 6 0 0 00
40 6 0 0 00
41 6 0 0 00
42 6 0 0 00
43 6 0 0 00
44 6 0 0 00
5 7 2 0 00
6 7 2 0 00
7 7 2 0 00
8 7 2 0 00
9 7 2 0 00
10 7 2 0 00
11 7 2 0 00
12 7 2 0 00
13 7 1 0 00
14 7 1 0 00
15 7 1 0 00
16 7 1 0 00
17 7 0 0 00
18 7 0 0 00
19 7 0 0 00
20 7 0 0 00
21 7 1 0 00
22 7 1 0 00
23 7 1 0 00
24 7 0 0 00
25 7 0 0 00
26 7 0 0 00
27 7 0 0 00
28 7 2 0 00
29 7 2 0 00
30 7 2 0 00
31 7 0 0 00
32 7 0 0 00
33 7 0 0 00
34 7 0 0 00
35 7 0 0 00
36 7 0 0 00
37 7 1 0 00
38 7 1 0 00
39 7 0 0 00
40 7 0 0 00
41 7 0 0 00
42 7 0 0 00
43 7 0 0 00
44 7 0 0 00
5 8 2 0 00
6 8 2 0 00
7 8 2 0 00
8 8 2 0 00
9 8 2 0 00
10 8 2 0 00
11 8 2 0 00
12 8 2 0 00
13 8 1 0 00
14 8 1 0 00
15 8 1 0 00
16 8 1 0 00
17 8 0 0 00
18 8 0 0 00
19 8 0 0 00
20 8 0 0 00
21 8 1 0 00
22 8 1 0 00
23 8 1 0 00
24 8 0 0 00
25 8 0 0 00
26 8 0 0 00
27 8 0 0 00
28 8 0 0 00
29 8 0 0 00
30 8 0 0 00
31 8 0 0 00
32 8 0 0 00
33 8 0 0 00
34 8 0 0 00
35 8 0 0 00
36 8 0 0 00
37 8 1 0 00
38 8 1 0 00
39 8 0 0 00
40 8 0 0 00
41 8 0 0 00
42 8 0 0 00
43 8 0 0 00
44 8 0 0 00
5 9 2 0 00
6 9 2 0 00
7 9 2 0 00
8 9 2 0 00
9 9 2 0 00
10 9 2 0 00
11 9 2 0 00
12 9 2 0 00
13 9 1 0 00
14 9 1 0 00
15 9 1 0 00
16 9 1 0 00
17 9 0 0 00
18 9 0 0 00
19 9 0 0 00
20 9 0 0 00
21 9 1 0 00
22 9 1 0 00
23 9 1 0 00
24 9 0 0 00
25 9 0 0 00
26 9 0 0 00
27 9 0 0 00
28 9 0 0 00
29 9 0 0 00
30 9 0 0 00
31 9 0 0 00
32 9 0 0 00
33 9 0 0 00
34 9 0 0 00
35 9 0 0 00
36 9 0 0 00
37 9 1 0 00
38 9 1 0 00
39 9 0 0 00
40 9 0 0 00
41 9 0 0 00
42 9 0 0 00
43 9 0 0 00
44 9 0 0 00
3 10 1 0 00
5 10 2 0 00
6 10 2 0 00
7 10 2 0 00
8 10 2 0 00
9 10 2 0 00
10 10 2 0 00
11 10 2 0 00
12 10 2 0 00
13 10 1 0 00
14 10 1 0 00
15 10 1 0 00
16 10 1 0 00
17 10 0 0 00
18 10 0 0 00
19 10 0 0 00
20 10 0 0 00
21 10 1 0 00
22 10 1 0 00
23 10 1 0 00
24 10 0 0 00
25 10 0 0 00
26 10 0 0 00
27 10 0 0 00
28 10 0 0 00
29 10 0 0 00
30 10 0 0 00
31 10 0 0 00
32 10 0 0 00
33 10 0 0 00
34 10 0 0 00
35 10 0 0 00
36 10 0 0 00
37 10 1 0 00
38 10 1 0 00
39 10 0 0 00
40 10 0 0 00
41 10 0 0 00
42 10 0 0 00
43 10 0 0 00
44 10 0 0 00
5 11 4 0 00
6 11 4 0 00
7 11 4 0 00
8 11 4 0 00
9 11 3 0 00
10 11 2 0 00
11 11 2 0 00
12 11 2 0 00
13 11 1 0 00
14 11 1 0 00
15 11 1 0 00
16 11 1 0 00
17 11 0 0 00
18 11 0 0 00
19 11 0 0 00
20 11 0 0 00
21 11 1 0 00
22 11 1 0 00
23 11 1 0 00
24 11 0 0 00
25 11 0 0 00
26 11 0 0 00
27 11 0 0 00
28 11 0 0 00
29 11 0 0 00
30 11 0 0 00
31 11 0 0 00
32 11 0 0 00
33 11 0 0 00
34 11 0 0 00
35 11 0 0 00
36 11 0 0 00
37 11 1 0 00
38 11 1 0 00
39 11 0 0 00
40 11 0 0 00
41 11 0 0 00
42 11 0 0 00
43 11 0 0 00
44 11 0 0 00
5 12 4 0 00
6 12 4 0 00
7 12 4 0 00
8 12 4 0 00
9 12 3 0 00
10 12 2 0 00
11 12 2 0 00
12 12 2 0 00
13 12 1 0 00
14 12 1 0 00
15 12 1 0 00
16 12 1 0 00
17 12 0 0 00
18 12 0 0 00
19 12 0 0 00
20 12 0 0 00
21 12 1 0 00
22 12 1 0 00
23 12 1 0 00
24 12 0 0 00
25 12 0 0 00
26 12 0 0 00
27 12 0 0 00
28 12 0 0 00
29 12 0 0 00
30 12 0 0 00
31 12 0 0 00
32 12 0 0 00
33 12 0 0 00
34 12 0 0 00
35 12 0 0 00
36 12 0 0 00
37 12 1 0 00
38 12 1 0 00
39 12 0 0 00
40 12 0 0 00
41 12 0 0 00
42 12 0 0 00
43 12 0 0 00
44 12 0 0 00
5 13 4 0 15
6 13 4 0 00
7 13 4 0 00
8 13 4 0 00
9 13 3 0 00
10 13 2 0 00
11 13 2 0 00
12 13 2 0 00
13 13 1 0 00
14 13 1 0 00
15 13 1 0 00
16 13 1 0 00
17 13 0 0 00
18 13 0 0 00
19 13 0 0 00
20 13 0 0 00
21 13 1 0 00
22 13 1 0 00
23 13 1 0 00
24 13 0 0 00
25 13 0 0 00
26 13 0 0 00
27 13 0 0 00
28 13 2 0 00
29 13 2 0 00
30 13 2 0 00
31 13 0 0 00
32 13 0 0 00
33 13 0 0 00
34 13 0 0 00
35 13 0 0 00
36 13 0 0 00
37 13 1 0 00
38 13 1 0 00
39 13 0 0 00
40 13 0 0 00
41 13 0 0 00
42 13 0 0 00
43 13 0 0 00
44 13 0 0 00
5 14 4 0 00
6 14 4 0 00
7 14 4 0 00
8 14 4 0 00
9 14 3 0 00
10 14 2 0 00
11 14 2 0 00
12 14 2 0 00
13 14 1 0 00
14 14 1 0 00
15 14 1 0 00
16 14 1 0 00
17 14 0 0 00
18 14 0 0 00
19 14 0 0 00
20 14 0 0 00
21 14 1 0 00
22 14 1 0 00
23 14 1 0 00
24 14 0 0 00
25 14 0 0 00
26 14 0 0 00
27 14 0 0 00
28 14 2 0 00
29 14 2 0 00
30 14 2 0 00
31 14 0 0 00
32 14 0 0 00
33 14 0 0 00
34 14 0 0 00
35 14 0 0 00
36 14 0 0 00
37 14 1 0 00
38 14 1 0 00
39 14 0 0 00
40 14 0 0 00
41 14 0 0 00
42 14 0 0 00
43 14 0 0 00
44 14 0 0 00
5 15 2 0 00
6 15 2 0 00
7 15 2 0 00
8 15 2 0 00
9 15 2 0 00
10 15 2 0 00
11 15 2 0 00
12 15 2 0 00
13 15 1 0 00
14 15 1 0 00
15 15 1 0 00
16 15 1 0 00
17 15 0 0 00
18 15 0 0 00
19 15 0 0 00
20 15 0 0 00
21 15 1 0 00
22 15 1 0 00
23 15 1 0 00
24 15 0 0 00
25 15 0 0 00
26 15 0 0 00
27 15 0 0 00
28 15 2 0 00
29 15 2 0 00
30 15 2 0 00
31 15 0 0 00
32 15 0 0 00
33 15 0 0 00
34 15 0 0 00
35 15 0 0 00
36 15 0 0 00
37 15 1 0 00
38 15 1 0 00
39 15 0 0 00
40 15 0 0 00
41 15 0 0 00
42 15 0 0 00
43 15 0 0 00
44 15 0 0 00
5 16 2 0 00
6 16 2 0 00
7 16 2 0 00
8 16 2 0 00
9 16 2 0 00
10 16 2 0 00
11 16 2 0 00
12 16 2 0 00
13 16 1 0 00
14 16 1 0 00
15 16 1 0 00
16 16 1 0 00
17 16 0 0 00
18 16 0 0 00
19 16 0 0 00
20 16 0 0 00
21 16 1 0 00
22 16 1 0 00
23 16 1 0 00
24 16 0 0 00
25 16 0 0 00
26 16 0 0 00
27 16 0 0 00
28 16 2 0 00
29 16 2 0 00
30 16 2 0 00
31 16 0 0 00
32 16 0 0 00
33 16 0 0 00
34 16 0 0 00
35 16 0 0 00
36 16 0 0 00
37 16 1 0 00
38 16 1 0 00
39 16 0 0 00
40 16 0 0 00
41 16 0 0 00
42 16 0 0 00
43 16 0 0 00
44 16 0 0 02
45 16 0 2 00
46 16 0 2 06
3 17 1 0 00
5 17 2 0 00
6 17 2 0 00
7 17 2 0 00
8 17 2 0 00
9 17 2 0 00
10 17 2 0 00
11 17 2 0 00
12 17 2 0 00
13 17 1 0 00
14 17 1 0 00
15 17 1 0 00
16 17 1 0 00
17 17 0 0 00
18 17 0 0 00
19 17 0 0 00
20 17 0 0 00
21 17 1 0 00
22 17 1 0 00
23 17 1 0 00
24 17 0 0 00
25 17 0 0 00
26 17 0 0 00
27 17 0 0 00
28 17 2 0 00
29 17 2 0 00
30 17 2 0 00
31 17 0 0 00
32 17 0 0 00
33 17 0 0 00
34 17 0 0 00
35 17 0 0 00
36 17 0 0 00
37 17 1 0 00
38 17 1 0 00
39 17 0 0 00
40 17 0 0 00
41 17 0 0 00
42 17 0 0 00
43 17 0 0 00
44 17 0 0 02
45 17 0 2 00
46 17 0 2 06
5 18 4 0 00
6 18 4 0 00
7 18 4 0 00
8 18 4 0 00
9 18 3 0 00
10 18 2 0 00
11 18 2 0 00
12 18 2 0 00
13 18 1 0 00
14 18 1 0 00
15 18 1 0 00
16 18 1 0 00
17 18 0 0 00
18 18 0 0 00
19 18 0 0 00
20 18 0 0 00
21 18 1 0 00
22 18 1 0 00
23 18 1 0 00
24 18 0 0 00
25 18 0 0 00
26 18 0 0 00
27 18 0 0 00
28 18 2 0 00
29 18 2 0 00
30 18 2 0 00
31 18 0 0 00
32 18 0 0 00
33 18 0 0 00
34 18 0 0 00
35 18 0 0 00
36 18 0 0 00
37 18 1 0 00
38 18 1 0 00
39 18 0 0 00
40 18 0 0 00
41 18 0 0 00
42 18 0 0 00
43 18 0 0 00
44 18 0 0 00
4 19 4 2 00
5 19 4 0 04
6 19 4 0 00
7 19 4 0 00
8 19 4 0 00
9 19 3 0 00
10 19 2 0 00
11 19 2 0 00
12 19 2 0 00
13 19 1 0 00
14 19 1 0 00
15 19 1 0 00
16 19 1 0 00
17 19 0 0 00
18 19 0 0 00
19 19 0 0 00
20 19 0 0 00
21 19 1 0 00
22 19 1 0 00
23 19 1 0 00
24 19 0 0 00
25 19 0 0 00
26 19 0 0 00
27 19 0 0 00
28 19 2 0 00
29 19 2 0 00
30 19 2 0 00
31 19 0 0 00
32 19 0 0 00
33 19 0 0 00
34 19 0 0 00
35 19 0 0 00
36 19 0 0 00
37 19 1 0 00
38 19 1 0 00
39 19 0 0 00
40 19 0 0 00
41 19 0 0 00
42 19 0 0 00
43 19 0 0 00
44 19 0 0 00
4 20 4 2 00
5 20 4 0 04
6 20 4 0 00
7 20 4 0 00
8 20 4 0 00
9 20 3 0 00
10 20 2 0 00
11 20 2 0 00
12 20 2 0 00
13 20 1 0 00
14 20 1 0 00
15 20 1 0 00
16 20 1 0 00
17 20 0 0 00
18 20 0 0 00
19 20 0 0 00
20 20 0 0 00
21 20 1 0 00
22 20 1 0 00
23 20 1 0 00
24 20 0 0 00
25 20 0 0 00
26 20 0 0 00
27 20 0 0 00
28 20 0 0 00
29 20 0 0 00
30 20 0 0 00
31 20 0 0 00
32 20 0 0 00
33 20 0 0 00
34 20 0 0 00
35 20 0 0 00
36 20 0 0 00
37 20 1 0 00
38 20 1 0 00
39 20 0 0 00
40 20 0 0 00
41 20 0 0 00
42 20 0 0 00
43 20 0 0 00
44 20 0 0 00
5 21 4 0 00
6 21 4 0 00
7 21 4 0 00
8 21 4 0 00
9 21 3 0 00
10 21 2 0 00
11 21 2 0 00
12 21 2 0 00
13 21 1 0 00
14 21 1 0 00
15 21 1 0 00
16 21 1 0 00
17 21 0 0 00
18 21 0 0 00
19 21 0 0 00
20 21 0 0 00
21 21 1 0 00
22 21 1 0 00
23 21 1 0 00
24 21 0 0 00
25 21 0 0 00
26 21 0 0 00
27 21 0 0 00
28 21 0 0 00
29 21 0 0 00
30 21 0 0 00
31 21 0 0 00
32 21 0 0 00
33 21 0 0 00
34 21 0 0 00
35 21 0 0 00
36 21 0 0 00
37 21 1 0 00
38 21 1 0 00
39 21 0 0 00
40 21 0 0 00
41 21 0 0 00
42 21 0 0 00
43 21 0 0 00
44 21 0 0 00
5 22 2 0 00
6 22 2 0 00
7 22 2 0 00
8 22 2 0 00
9 22 2 0 00
10 22 2 0 00
11 22 2 0 00
12 22 2 0 00
13 22 1 0 00
14 22 1 0 00
15 22 1 0 00
16 22 1 0 00
17 22 0 0 00
18 22 0 0 00
19 22 0 0 00
20 22 0 0 00
21 22 1 0 00
22 22 1 0 00
23 22 1 0 00
24 22 0 0 00
25 22 0 0 00
26 22 0 0 00
27 22 0 0 00
28 22 0 0 00
29 22 0 0 00
30 22 0 0 00
31 22 0 0 00
32 22 0 0 00
33 22 0 0 00
34 22 0 0 00
35 22 0 0 00
36 22 0 0 00
37 22 1 0 00
38 22 1 0 00
39 22 0 0 00
40 22 0 0 00
41 22 0 0 00
42 22 0 0 00
43 22 0 0 00
44 22 0 0 00
5 23 2 0 00
6 23 2 0 00
7 23 2 0 00
8 23 2 0 00
9 23 2 0 00
10 23 2 0 00
11 23 2 0 00
12 23 2 0 00
13 23 1 0 00
14 23 1 0 00
15 23 1 0 00
16 23 1 0 00
17 23 0 0 00
18 23 0 0 00
19 23 0 0 00
20 23 0 0 00
21 23 1 0 00
22 23 1 0 00
23 23 1 0 00
24 23 0 0 00
25 23 0 0 00
26 23 0 0 00
27 23 0 0 00
28 23 0 0 00
29 23 0 0 00
30 23 0 0 00
31 23 0 0 00
32 23 0 0 00
33 23 0 0 00
34 23 0 0 00
35 23 0 0 00
36 23 0 0 00
37 23 1 0 00
38 23 1 0 00
39 23 0 0 00
40 23 0 0 00
41 23 0 0 00
42 23 0 0 00
43 23 0 0 00
44 23 0 0 00
5 24 2 0 00
6 24 2 0 00
7 24 2 0 00
8 24 2 0 00
9 24 2 0 00
10 24 2 0 00
11 24 2 0 00
12 24 2 0 00
13 24 1 0 00
14 24 1 0 00
15 24 1 0 00
16 24 1 0 00
17 24 0 0 00
18 24 0 0 00
19 24 0 0 00
20 24 0 0 00
21 24 1 0 00
22 24 1 0 00
23 24 1 0 00
24 24 0 0 00
25 24 0 0 00
26 24 0 0 00
27 24 0 0 00
28 24 0 0 00
29 24 0 0 00
30 24 0 0 00
31 24 0 0 00
32 24 0 0 00
33 24 0 0 00
34 24 0 0 00
35 24 0 0 00
36 24 0 0 00
37 24 1 0 00
38 24 1 0 00
39 24 0 0 00
40 24 0 0 00
41 24 0 0 00
42 24 0 0 00
43 24 0 0 00
44 24 0 0 00
5 25 2 0 00
6 25 2 0 00
7 25 2 0 00
8 25 2 0 00
9 25 2 0 00
10 25 2 0 00
11 25 2 0 00
12 25 2 0 00
13 25 1 0 00
14 25 1 0 00
15 25 1 0 00
16 25 1 0 00
17 25 0 0 00
18 25 0 0 00
19 25 0 0 00
20 25 0 0 00
21 25 1 0 00
22 25 1 0 00
23 25 1 0 00
24 25 0 0 00
25 25 0 0 00
26 25 0 0 00
27 25 0 0 00
28 25 2 0 00
29 25 2 0 00
30 25 2 0 00
31 25 0 0 00
32 25 0 0 00
33 25 0 0 00
34 25 0 0 00
35 25 0 0 00
36 25 0 0 00
37 25 1 0 00
38 25 1 0 00
39 25 0 0 00
40 25 0 0 00
41 25 0 0 00
42 25 0 0 00
43 25 0 0 00
44 25 0 0 00
5 26 2 0 00
6 26 2 0 00
7 26 2 0 00
8 26 2 0 00
9 26 2 0 00
10 26 2 0 00
11 26 2 0 00
12 26 2 0 00
13 26 1 0 00
14 26 1 0 00
15 26 1 0 00
16 26 1 0 00
17 26 0 0 00
18 26 0 0 00
19 26 0 0 00
20 26 0 0 00
21 26 1 0 00
22 26 1 0 00
23 26 1 0 00
24 26 0 0 00
25 26 0 0 00
26 26 0 0 00
27 26 0 0 00
28 26 2 0 00
29 26 2 0 00
30 26 2 0 00
31 26 0 0 00
32 26 0 0 00
33 26 0 0 00
34 26 0 0 00
35 26 0 0 00
36 26 0 0 00
37 26 1 0 00
38 26 1 0 00
39 26 0 0 00
40 26 0 0 00
41 26 0 0 00
42 26 0 0 00
43 26 0 0 00
44 26 0 0 00
5 27 2 0 00
6 27 2 0 00
7 27 2 0 00
8 27 2 0 00
9 27 2 0 00
10 27 2 0 00
11 27 2 0 00
12 27 2 0 00
13 27 1 0 00
14 27 1 0 00
15 27 1 0 00
16 27 1 0 00
17 27 0 0 00
18 27 0 0 00
19 27 0 0 00
20 27 0 0 00
21 27 1 0 00
22 27 1 0 00
23 27 1 0 00
24 27 0 0 00
25 27 0 0 00
26 27 0 0 00
27 27 0 0 00
28 27 2 0 00
29 27 2 0 00
30 27 2 0 00
31 27 0 0 00
32 27 0 0 00
33 27 0 0 00
34 27 0 0 00
35 27 0 0 00
36 27 0 0 00
37 27 0 0 00
38 27 0 0 00
39 27 0 0 00
40 27 0 0 00
41 27 0 0 00
42 27 0 0 00
43 27 0 0 00
44 27 0 0 00
5 28 2 0 00
6 28 2 0 00
7 28 2 0 00
8 28 2 0 00
9 28 2 0 00
10 28 2 0 00
11 28 2 0 00
12 28 2 0 00
13 28 1 0 00
14 28 1 0 00
15 28 1 0 00
16 28 1 0 00
17 28 0 0 00
18 28 0 0 00
19 28 0 0 00
20 28 0 0 00
21 28 1 0 00
22 28 1 0 00
23 28 1 0 00
24 28 0 0 00
25 28 0 0 00
26 28 0 0 00
27 28 0 0 00
28 28 2 0 00
29 28 2 0 00
30 28 2 0 00
31 28 0 0 00
32 28 0 0 00
33 28 0 0 00
34 28 0 0 00
35 28 0 0 00
36 28 0 0 00
37 28 0 0 00
38 28 0 0 00
39 28 0 0 00
40 28 0 0 00
41 28 0 0 00
42 28 0 0 00
43 28 0 0 00
44 28 0 0 00
5 29 2 0 00
6 29 2 0 00
7 29 2 0 00
8 29 2 0 00
9 29 2 0 00
10 29 2 0 00
11 29 2 0 00
12 29 2 0 00
13 29 1 0 00
14 29 1 0 00
15 29 1 0 00
16 29 1 0 00
17 29 0 0 00
18 29 0 0 00
19 29 0 0 00
20 29 0 0 00
21 29 1 0 00
22 29 1 0 00
23 29 1 0 00
24 29 0 0 00
25 29 0 0 00
26 29 0 0 00
27 29 0 0 00
28 29 2 0 00
29 29 2 0 00
30 29 2 0 00
31 29 0 0 00
32 29 0 0 00
33 29 0 0 00
34 29 0 0 00
35 29 0 0 00
36 29 0 0 00
37 29 0 0 00
38 29 0 0 00
39 29 0 0 00
40 29 0 0 00
41 29 0 0 00
42 29 0 0 00
43 29 0 0 00
44 29 0 0 00
5 30 2 0 00
6 30 2 0 00
7 30 2 0 00
8 30 2 0 00
9 30 2 0 00
10 30 2 0 00
11 30 2 0 00
12 30 2 0 00
13 30 1 0 00
14 30 1 0 00
15 30 1 0 00
16 30 1 0 00
17 30 0 0 00
18 30 0 0 00
19 30 0 0 00
20 30 0 0 00
21 30 1 0 00
22 30 1 0 00
23 30 1 0 00
24 30 0 0 00
25 30 0 0 00
26 30 0 0 00
27 30 0 0 00
28 30 2 0 00
29 30 2 0 00
30 30 2 0 00
31 30 0 0 00
32 30 0 0 00
33 30 0 0 00
34 30 0 0 00
35 30 0 0 00
36 30 0 0 00
37 30 0 0 00
38 30 0 0 00
39 30 0 0 00
40 30 0 0 00
41 30 0 0 00
42 30 0 0 00
43 30 0 0 00
44 30 0 0 00
#TILEMAP: X Y XY.X XY.Y HEIGHT RESTRICTIONS CLASSIFICATION
28 1 992 320 0 0 0
5 2 608 112 2 0 0
6 2 624 120 2 0 0
7 2 640 128 2 0 0
8 2 656 136 2 0 0
9 2 672 144 2 0 0
10 2 688 152 2 0 0
11 2 704 160 2 0 0
12 2 720 168 2 0 0
13 2 736 192 1 0 0
14 2 752 200 1 0 0
15 2 768 208 1 0 0
16 2 784 216 1 0 0
17 2 800 240 0 0 0
18 2 816 248 0 0 0
19 2 832 256 0 0 0
20 2 848 264 0 0 0
21 2 864 256 1 0 0
22 2 880 264 1 0 0
23 2 896 272 1 0 0
24 2 912 296 0 0 0
25 2 928 304 0 0 0
26 2 944 312 0 0 0
27 2 960 320 0 0 0
28 2 976 296 2 0 0
29 2 992 304 2 0 0
30 2 1008 312 2 0 0
31 2 1024 352 0 0 0
32 2 1040 360 0 0 0
33 2 1056 368 0 0 0
34 2 1072 376 0 0 0
35 2 1088 384 0 0 0
36 2 1104 392 0 0 0
37 2 1120 400 0 0 0
38 2 1136 408 0 0 0
39 2 1152 416 0 0 0
40 2 1168 424 0 0 0
41 2 1184 432 0 0 0
42 2 1200 440 0 0 0
43 2 1216 448 0 0 0
44 2 1232 456 0 0 0
5 3 592 120 2 0 0
6 3 608 128 2 0 0
7 3 624 136 2 0 0
8 3 640 144 2 0 0
9 3 656 152 2 0 0
10 3 672 160 2 0 0
11 3 688 168 2 0 0
12 3 704 176 2 0 0
13 3 720 200 1 0 0
14 3 736 208 1 0 0
15 3 752 216 1 0 0
16 3 768 224 1 0 0
17 3 784 248 0 0 0
18 3 800 256 0 0 0
19 3 816 264 0 0 0
20 3 832 272 0 0 0
21 3 848 264 1 0 0
22 3 864 272 1 0 0
23 3 880 280 1 0 0
24 3 896 304 0 0 0
25 3 912 312 0 0 0
26 3 928 320 0 0 0
27 3 944 328 0 0 0
28 3 960 304 2 0 0
29 3 976 312 2 0 0
30 3 992 320 2 0 0
31 3 1008 360 0 0 0
32 3 1024 368 0 0 0
33 3 1040 376 0 0 0
34 3 1056 384 0 0 0
35 3 1072 392 0 0 0
36 3 1088 400 0 0 0
37 3 1104 408 0 0 0
38 3 1120 416 0 0 0
39 3 1136 424 0 0 0
40 3 1152 432 0 0 0
41 3 1168 440 0 0 0
42 3 1184 448 0 0 0
43 3 1200 456 0 0 0
44 3 1216 464 0 0 0
5 4 576 128 2 0 0
6 4 592 136 2 0 0
7 4 608 144 2 0 0
8 4 624 152 2 0 0
9 4 640 160 2 0 0
10 4 656 168 2 0 0
11 4 672 176 2 0 0
12 4 688 184 2 0 0
13 4 704 208 1 0 0
14 4 720 216 1 0 0
15 4 736 224 1 0 0
16 4 752 232 1 0 0
17 4 768 256 0 0 0
18 4 784 264 0 0 0
19 4 800 272 0 0 0
20 4 816 280 0 0 0
21 4 832 272 1 0 0
22 4 848 280 1 0 0
23 4 864 288 1 0 0
24 4 880 312 0 0 0
25 4 896 320 0 0 0
26 4 912 328 0 0 0
27 4 928 336 0 0 0
28 4 944 312 2 0 0
29 4 960 320 2 0 0
30 4 976 328 2 0 0
31 4 992 368 0 0 0
32 4 1008 376 0 0 0
33 4 1024 384 0 0 0
34 4 1040 392 0 0 0
35 4 1056 400 0 0 0
36 4 1072 408 0 0 0
37 4 1088 416 0 0 0
38 4 1104 424 0 0 0
39 4 1120 432 0 0 0
40 4 1136 440 0 0 0
41 4 1152 448 0 0 0
42 4 1168 456 0 0 0
43 4 1184 464 0 0 0
44 4 1200 472 0 0 0
5 5 560 136 2 0 0
6 5 576 144 2 0 0
7 5 592 152 2 0 0
8 5 608 160 2 0 0
9 5 624 168 2 0 0
10 5 640 176 2 0 0
11 5 656 184 2 0 0
12 5 672 192 2 0 0
13 5 688 216 1 0 0
14 5 704 224 1 0 0
15 5 720 232 1 0 0
16 5 736 240 1 0 0
17 5 752 264 0 0 0
18 5 768 272 0 0 0
19 5 784 280 0 0 0
20 5 800 288 0 0 0
21 5 816 280 1 0 0
22 5 832 288 1 0 0
23 5 848 296 1 0 0
24 5 864 320 0 0 0
25 5 880 328 0 0 0
26 5 896 336 0 0 0
27 5 912 344 0 0 0
28 5 928 320 2 0 0
29 5 944 328 2 0 0
30 5 960 336 2 0 0
31 5 976 376 0 0 0
32 5 992 384 0 0 0
33 5 1008 392 0 0 0
34 5 1024 400 0 0 0
35 5 1040 408 0 0 0
36 5 1056 416 0 0 0
37 5 1072 424 0 0 0
38 5 1088 432 0 0 0
39 5 1104 440 0 0 0
40 5 1120 448 0 0 0
41 5 1136 456 0 0 0
42 5 1152 464 0 0 0
43 5 1168 472 0 0 0
44 5 1184 480 0 0 0
5 6 544 144 2 0 0
6 6 560 152 2 0 0
7 6 576 160 2 0 0
8 6 592 168 2 0 0
9 6 608 176 2 0 0
10 6 624 184 2 0 0
11 6 640 192 2 0 0
12 6 656 200 2 0 0
13 6 672 224 1 0 0
14 6 688 232 1 0 0
15 6 704 240 1 0 0
16 6 720 248 1 0 0
17 6 736 272 0 0 0
18 6 752 280 0 0 0
19 6 768 288 0 0 0
20 6 784 296 0 0 0
21 6 800 288 1 0 0
22 6 816 296 1 0 0
23 6 832 304 1 0 0
24 6 848 328 0 0 0
25 6 864 336 0 0 0
26 6 880 344 0 0 0
27 6 896 352 0 0 0
28 6 912 328 2 0 0
29 6 928 336 2 0 0
30 6 944 344 2 0 0
31 6 960 384 0 0 0
32 6 976 392 0 0 0
33 6 992 400 0 0 0
34 6 1008 408 0 0 0
35 6 1024 416 0 0 0
36 6 1040 424 0 0 0
37 6 1056 416 1 0 0
38 6 1072 424 1 0 0
39 6 1088 448 0 0 0
40 6 1104 456 0 0 0
41 6 1120 464 0 0 0
42 6 1136 472 0 0 0
43 6 1152 480 0 0 0
44 6 1168 488 0 0 0
5 7 528 152 2 0 0
6 7 544 160 2 0 0
7 7 560 168 2 0 0
8 7 576 176 2 0 0
9 7 592 184 2 0 0
10 7 608 192 2 0 0
11 7 624 200 2 0 0
12 7 640 208 2 0 0
13 7 656 232 1 0 0
14 7 672 240 1 0 0
15 7 688 248 1 0 0
16 7 704 256 1 0 0
17 7 720 280 0 0 0
18 7 736 288 0 0 0
19 7 752 296 0 0 0
20 7 768 304 0 0 0
21 7 784 296 1 0 0
22 7 800 304 1 0 0
23 7 816 312 1 0 0
24 7 832 336 0 0 0
25 7 848 344 0 0 0
26 7 864 352 0 0 0
27 7 880 360 0 0 0
28 7 896 336 2 0 0
29 7 912 344 2 0 0
30 7 928 352 2 0 0
31 7 944 392 0 0 0
32 7 960 400 0 0 0
33 7 976 408 0 0 0
34 7 992 416 0 0 0
35 7 1008 424 0 0 0
36 7 1024 432 0 0 0
37 7 1040 424 1 0 0
38 7 1056 432 1 0 0
39 7 1072 456 0 0 0
40 7 1088 464 0 0 0
41 7 1104 472 0 0 0
42 7 1120 480 0 0 0
43 7 1136 488 0 0 0
44 7 1152 496 0 0 0
5 8 512 160 2 0 0
6 8 528 168 2 0 0
7 8 544 176 2 0 0
8 8 560 184 2 0 0
9 8 576 192 2 0 0
10 8 592 200 2 0 0
11 8 608 208 2 0 0
12 8 624 216 2 0 0
13 8 640 240 1 0 0
14 8 656 248 1 0 0
15 8 672 256 1 0 0
16 8 688 264 1 0 0
17 8 704 288 0 0 0
18 8 720 296 0 0 0
19 8 736 304 0 0 0
20 8 752 312 0 0 0
21 8 768 304 1 0 0
22 8 784 312 1 0 0
23 8 800 320 1 0 0
24 8 816 344 0 0 0
25 8 832 352 0 0 0
26 8 848 360 0 0 0
27 8 864 368 0 0 0
28 8 880 376 0 0 0
29 8 896 384 0 0 0
30 8 912 392 0 0 0
31 8 928 400 0 0 0
32 8 944 408 0 0 0
33 8 960 416 0 0 0
34 8 976 424 0 0 0
35 8 992 432 0 0 0
36 8 1008 440 0 0 0
37 8 1024 432 1 0 0
38 8 1040 440 1 0 0
39 8 1056 464 0 0 0
40 8 1072 472 0 0 0
41 8 1088 480 0 0 0
42 8 1104 488 0 0 0
43 8 1120 496 0 0 0
44 8 1136 504 0 0 0
5 9 496 168 2 0 0
6 9 512 176 2 0 0
7 9 528 184 2 0 0
8 9 544 192 2 0 0
9 9 560 200 2 0 0
10 9 576 208 2 0 0
11 9 592 216 2 0 0
12 9 608 224 2 0 0
13 9 624 248 1 0 0
14 9 640 256 1 0 0
15 9 656 264 1 0 0
16 9 672 272 1 0 0
17 9 688 296 0 0 0
18 9 704 304 0 0 0
19 9 720 312 0 0 0
20 9 736 320 0 0 0
21 9 752 312 1 0 0
22 9 768 320 1 0 0
23 9 784 328 1 0 0
24 9 800 352 0 0 0
25 9 816 360 0 0 0
26 9 832 368 0 0 0
27 9 848 376 0 0 0
28 9 864 384 0 0 0
29 9 880 392 0 0 0
30 9 896 400 0 0 0
31 9 912 408 0 0 0
32 9 928 416 0 0 0
33 9 944 424 0 0 0
34 9 960 432 0 0 0
35 9 976 440 0 0 0
36 9 992 448 0 0 0
37 9 1008 440 1 0 0
38 9 1024 448 1 0 0
39 9 1040 472 0 0 0
40 9 1056 480 0 0 0
41 9 1072 488 0 0 0
42 9 1088 496 0 0 0
43 9 1104 504 0 0 0
44 9 1120 512 0 0 0
3 10 448 176 1 0 0
5 10 480 176 2 0 0
6 10 496 184 2 0 0
7 10 512 192 2 0 0
8 10 528 200 2 0 0
9 10 544 208 2 0 0
10 10 560 216 2 0 0
11 10 576 224 2 0 0
12 10 592 232 2 0 0
13 10 608 256 1 0 0
14 10 624 264 1 0 0
15 10 640 272 1 0 0
16 10 656 280 1 0 0
17 10 672 304 0 0 0
18 10 688 312 0 0 0
19 10 704 320 0 0 0
20 10 720 328 0 0 0
21 10 736 320 1 0 0
22 10 752 328 1 0 0
23 10 768 336 1 0 0
24 10 784 360 0 0 0
25 10 800 368 0 0 0
26 10 816 376 0 0 0
27 10 832 384 0 0 0
28 10 848 392 0 0 0
29 10 864 400 0 0 0
30 10 880 408 0 0 0
31 10 896 416 0 0 0
32 10 912 424 0 0 0
33 10 928 432 0 0 0
34 10 944 440 0 0 0
35 10 960 448 0 0 0
36 10 976 456 0 0 0
37 10 992 448 1 0 0
38 10 1008 456 1 0 0
39 10 1024 480 0 0 0
40 10 1040 488 0 0 0
41 10 1056 496 0 0 0
42 10 1072 504 0 0 0
43 10 1088 512 0 0 0
44 10 1104 520 0 0 0
5 11 464 152 4 0 0
6 11 480 160 4 0 0
7 11 496 168 4 0 0
8 11 512 176 4 0 0
9 11 528 200 3 0 0
10 11 544 224 2 0 0
11 11 560 232 2 0 0
12 11 576 240 2 0 0
13 11 592 264 1 0 0
14 11 608 272 1 0 0
15 11 624 280 1 0 0
16 11 640 288 1 0 0
17 11 656 312 0 0 0
18 11 672 320 0 0 0
19 11 688 328 0 0 0
20 11 704 336 0 0 0
21 11 720 328 1 0 0
22 11 736 336 1 0 0
23 11 752 344 1 0 0
24 11 768 368 0 0 0
25 11 784 376 0 0 0
26 11 800 384 0 0 0
27 11 816 392 0 0 0
28 11 832 400 0 0 0
29 11 848 408 0 0 0
30 11 864 416 0 0 0
31 11 880 424 0 0 0
32 11 896 432 0 0 0
33 11 912 440 0 0 0
34 11 928 448 0 0 0
35 11 944 456 0 0 0
36 11 960 464 0 0 0
37 11 976 456 1 0 0
38 11 992 464 1 0 0
39 11 1008 488 0 0 0
40 11 1024 496 0 0 0
41 11 1040 504 0 0 0
42 11 1056 512 0 0 0
43 11 1072 520 0 0 0
44 11 1088 528 0 0 0
5 12 448 160 4 0 0
6 12 464 168 4 0 0
7 12 480 176 4 0 0
8 12 496 184 4 0 0
9 12 512 208 3 0 0
10 12 528 232 2 0 0
11 12 544 240 2 0 0
12 12 560 248 2 0 0
13 12 576 272 1 0 0
14 12 592 280 1 0 0
15 12 608 288 1 0 0
16 12 624 296 1 0 0
17 12 640 320 0 0 0
18 12 656 328 0 0 0
19 12 672 336 0 0 0
20 12 688 344 0 0 0
21 12 704 336 1 0 0
22 12 720 344 1 0 0
23 12 736 352 1 0 0
24 12 752 376 0 0 0
25 12 768 384 0 0 0
26 12 784 392 0 0 0
27 12 800 400 0 0 0
28 12 816 408 0 0 0
29 12 832 416 0 0 0
30 12 848 424 0 0 0
31 12 864 432 0 0 0
32 12 880 440 0 0 0
33 12 896 448 0 0 0
34 12 912 456 0 0 0
35 12 928 464 0 0 0
36 12 944 472 0 0 0
37 12 960 464 1 0 0
38 12 976 472 1 0 0
39 12 992 496 0 0 0
40 12 1008 504 0 0 0
41 12 1024 512 0 0 0
42 12 1040 520 0 0 0
43 12 1056 528 0 0 0
44 12 1072 536 0 0 0
5 13 432 168 4 0 21
6 13 448 176 4 0 0
7 13 464 184 4 0 0
8 13 480 192 4 0 0
9 13 496 216 3 0 0
10 13 512 240 2 0 0
11 13 528 248 2 0 0
12 13 544 256 2 0 0
13 13 560 280 1 0 0
14 13 576 288 1 0 0
15 13 592 296 1 0 0
16 13 608 304 1 0 0
17 13 624 328 0 0 0
18 13 640 336 0 0 0
19 13 656 344 0 0 0
20 13 672 352 0 0 0
21 13 688 344 1 0 0
22 13 704 352 1 0 0
23 13 720 360 1 0 0
24 13 736 384 0 0 0
25 13 752 392 0 0 0
26 13 768 400 0 0 0
27 13 784 408 0 0 0
28 13 800 384 2 0 0
29 13 816 392 2 0 0
30 13 832 400 2 0 0
31 13 848 440 0 0 0
32 13 864 448 0 0 0
33 13 880 456 0 0 0
34 13 896 464 0 0 0
35 13 912 472 0 0 0
36 13 928 480 0 0 0
37 13 944 472 1 0 0
38 13 960 480 1 0 0
39 13 976 504 0 0 0
40 13 992 512 0 0 0
41 13 1008 520 0 0 0
42 13 1024 528 0 0 0
43 13 1040 536 0 0 0
44 13 1056 544 0 0 0
5 14 416 176 4 0 0
6 14 432 184 4 0 0
7 14 448 192 4 0 0
8 14 464 200 4 0 0
9 14 480 224 3 0 0
10 14 496 248 2 0 0
11 14 512 256 2 0 0
12 14 528 264 2 0 0
13 14 544 288 1 0 0
14 14 560 296 1 0 0
15 14 576 304 1 0 0
16 14 592 312 1 0 0
17 14 608 336 0 0 0
18 14 624 344 0 0 0
19 14 640 352 0 0 0
20 14 656 360 0 0 0
21 14 672 352 1 0 0
22 14 688 360 1 0 0
23 14 704 368 1 0 0
24 14 720 392 0 0 0
25 14 736 400 0 0 0
26 14 752 408 0 0 0
27 14 768 416 0 0 0
28 14 784 392 2 0 0
29 14 800 400 2 0 0
30 14 816 408 2 0 0
31 14 832 448 0 0 0
32 14 848 456 0 0 0
33 14 864 464 0 0 0
34 14 880 472 0 0 0
35 14 896 480 0 0 0
36 14 912 488 0 0 0
37 14 928 480 1 0 0
38 14 944 488 1 0 0
39 14 960 512 0 0 0
40 14 976 520 0 0 0
41 14 992 528 0 0 0
42 14 1008 536 0 0 0
43 14 1024 544 0 0 0
44 14 1040 552 0 0 0
5 15 400 216 2 0 0
6 15 416 224 2 0 0
7 15 432 232 2 0 0
8 15 448 240 2 0 0
9 15 464 248 2 0 0
10 15 480 256 2 0 0
11 15 496 264 2 0 0
12 15 512 272 2 0 0
13 15 528 296 1 0 0
14 15 544 304 1 0 0
15 15 560 312 1 0 0
16 15 576 320 1 0 0
17 15 592 344 0 0 0
18 15 608 352 0 0 0
19 15 624 360 0 0 0
20 15 640 368 0 0 0
21 15 656 360 1 0 0
22 15 672 368 1 0 0
23 15 688 376 1 0 0
24 15 704 400 0 0 0
25 15 720 408 0 0 0
26 15 736 416 0 0 0
27 15 752 424 0 0 0
28 15 768 400 2 0 0
29 15 784 408 2 0 0
30 15 800 416 2 0 0
31 15 816 456 0 0 0
32 15 832 464 0 0 0
33 15 848 472 0 0 0
34 15 864 480 0 0 0
35 15 880 488 0 0 0
36 15 896 496 0 0 0
37 15 912 488 1 0 0
38 15 928 496 1 0 0
39 15 944 520 0 0 0
40 15 960 528 0 0 0
41 15 976 536 0 0 0
42 15 992 544 0 0 0
43 15 1008 552 0 0 0
44 15 1024 560 0 0 0
5 16 384 224 2 0 0
6 16 400 232 2 0 0
7 16 416 240 2 0 0
8 16 432 248 2 0 0
9 16 448 256 2 0 0
10 16 464 264 2 0 0
11 16 480 272 2 0 0
12 16 496 280 2 0 0
13 16 512 304 1 0 0
14 16 528 312 1 0 0
15 16 544 320 1 0 0
16 16 560 328 1 0 0
17 16 576 352 0 0 0
18 16 592 360 0 0 0
19 16 608 368 0 0 0
20 16 624 376 0 0 0
21 16 640 368 1 0 0
22 16 656 376 1 0 0
23 16 672 384 1 0 0
24 16 688 408 0 0 0
25 16 704 416 0 0 0
26 16 720 424 0 0 0
27 16 736 432 0 0 0
28 16 752 408 2 0 0
29 16 768 416 2 0 0
30 16 784 424 2 0 0
31 16 800 464 0 0 0
32 16 816 472 0 0 0
33 16 832 480 0 0 0
34 16 848 488 0 0 0
35 16 864 496 0 0 0
36 16 880 504 0 0 0
37 16 896 496 1 0 0
38 16 912 504 1 0 0
39 16 928 528 0 0 0
40 16 944 536 0 0 0
41 16 960 544 0 0 0
42 16 976 552 0 0 0
43 16 992 560 0 0 0
44 16 1008 568 0 0 2
45 16 1024 576 0 2 0
46 16 1040 584 0 2 6
3 17 336 232 1 0 0
5 17 368 232 2 0 0
6 17 384 240 2 0 0
7 17 400 248 2 0 0
8 17 416 256 2 0 0
9 17 432 264 2 0 0
10 17 448 272 2 0 0
11 17 464 280 2 0 0
12 17 480 288 2 0 0
13 17 496 312 1 0 0
14 17 512 320 1 0 0
15 17 528 328 1 0 0
16 17 544 336 1 0 0
17 17 560 360 0 0 0
18 17 576 368 0 0 0
19 17 592 376 0 0 0
20 17 608 384 0 0 0
21 17 624 376 1 0 0
22 17 640 384 1 0 0
23 17 656 392 1 0 0
24 17 672 416 0 0 0
25 17 688 424 0 0 0
26 17 704 432 0 0 0
27 17 720 440 0 0 0
28 17 736 416 2 0 0
29 17 752 424 2 0 0
30 17 768 432 2 0 0
31 17 784 472 0 0 0
32 17 800 480 0 0 0
33 17 816 488 0 0 0
34 17 832 496 0 0 0
35 17 848 504 0 0 0
36 17 864 512 0 0 0
37 17 880 504 1 0 0
38 17 896 512 1 0 0
39 17 912 536 0 0 0
40 17 928 544 0 0 0
41 17 944 552 0 0 0
42 17 960 560 0 0 0
43 17 976 568 0 0 0
44 17 992 576 0 0 2
45 17 1008 584 0 2 0
46 17 1024 592 0 2 6
5 18 352 208 4 0 0
6 18 368 216 4 0 0
7 18 384 224 4 0 0
8 18 400 232 4 0 0
9 18 416 256 3 0 0
10 18 432 280 2 0 0
11 18 448 288 2 0 0
12 18 464 296 2 0 0
13 18 480 320 1 0 0
14 18 496 328 1 0 0
15 18 512 336 1 0 0
16 18 528 344 1 0 0
17 18 544 368 0 0 0
18 18 560 376 0 0 0
19 18 576 384 0 0 0
20 18 592 392 0 0 0
21 18 608 384 1 0 0
22 18 624 392 1 0 0
23 18 640 400 1 0 0
24 18 656 424 0 0 0
25 18 672 432 0 0 0
26 18 688 440 0 0 0
27 18 704 448 0 0 0
28 18 720 424 2 0 0
29 18 736 432 2 0 0
30 18 752 440 2 0 0
31 18 768 480 0 0 0
32 18 784 488 0 0 0
33 18 800 496 0 0 0
34 18 816 504 0 0 0
35 18 832 512 0 0 0
36 18 848 520 0 0 0
37 18 864 512 1 0 0
38 18 880 520 1 0 0
39 18 896 544 0 0 0
40 18 912 552 0 0 0
41 18 928 560 0 0 0
42 18 944 568 0 0 0
43 18 960 576 0 0 0
44 18 976 584 0 0 0
4 19 320 208 4 2 0
5 19 336 216 4 0 4
6 19 352 224 4 0 0
7 19 368 232 4 0 0
8 19 384 240 4 0 0
9 19 400 264 3 0 0
10 19 416 288 2 0 0
11 19 432 296 2 0 0
12 19 448 304 2 0 0
13 19 464 328 1 0 0
14 19 480 336 1 0 0
15 19 496 344 1 0 0
16 19 512 352 1 0 0
17 19 528 376 0 0 0
18 19 544 384 0 0 0
19 19 560 392 0 0 0
20 19 576 400 0 0 0
21 19 592 392 1 0 0
22 19 608 400 1 0 0
23 19 624 408 1 0 0
24 19 640 432 0 0 0
25 19 656 440 0 0 0
26 19 672 448 0 0 0
27 19 688 456 0 0 0
28 19 704 432 2 0 0
29 19 720 440 2 0 0
30 19 736 448 2 0 0
31 19 752 488 0 0 0
32 19 768 496 0 0 0
33 19 784 504 0 0 0
34 19 800 512 0 0 0
35 19 816 520 0 0 0
36 19 832 528 0 0 0
37 19 848 520 1 0 0
38 19 864 528 1 0 0
39 19 880 552 0 0 0
40 19 896 560 0 0 0
41 19 912 568 0 0 0
42 19 928 576 0 0 0
43 19 944 584 0 0 0
44 19 960 592 0 0 0
4 20 304 216 4 2 0
5 20 320 224 4 0 4
6 20 336 232 4 0 0
7 20 352 240 4 0 0
8 20 368 248 4 0 0
9 20 384 272 3 0 0
10 20 400 296 2 0 0
11 20 416 304 2 0 0
12 20 432 312 2 0 0
13 20 448 336 1 0 0
14 20 464 344 1 0 0
15 20 480 352 1 0 0
16 20 496 360 1 0 0
17 20 512 384 0 0 0
18 20 528 392 0 0 0
19 20 544 400 0 0 0
20 20 560 408 0 0 0
21 20 576 400 1 0 0
22 20 592 408 1 0 0
23 20 608 416 1 0 0
24 20 624 440 0 0 0
25 20 640 448 0 0 0
26 20 656 456 0 0 0
27 20 672 464 0 0 0
28 20 688 472 0 0 0
29 20 704 480 0 0 0
30 20 720 488 0 0 0
31 20 736 496 0 0 0
32 20 752 504 0 0 0
33 20 768 512 0 0 0
34 20 784 520 0 0 0
35 20 800 528 0 0 0
36 20 816 536 0 0 0
37 20 832 528 1 0 0
38 20 848 536 1 0 0
39 20 864 560 0 0 0
40 20 880 568 0 0 0
41 20 896 576 0 0 0
42 20 912 584 0 0 0
43 20 928 592 0 0 0
44 20 944 600 0 0 0
5 21 304 232 4 0 0
6 21 320 240 4 0 0
7 21 336 248 4 0 0
8 21 352 256 4 0 0
9 21 368 280 3 0 0
10 21 384 304 2 0 0
11 21 400 312 2 0 0
12 21 416 320 2 0 0
13 21 432 344 1 0 0
14 21 448 352 1 0 0
15 21 464 360 1 0 0
16 21 480 368 1 0 0
17 21 496 392 0 0 0
18 21 512 400 0 0 0
19 21 528 408 0 0 0
20 21 544 416 0 0 0
21 21 560 408 1 0 0
22 21 576 416 1 0 0
23 21 592 424 1 0 0
24 21 608 448 0 0 0
25 21 624 456 0 0 0
26 21 640 464 0 0 0
27 21 656 472 0 0 0
28 21 672 480 0 0 0
29 21 688 488 0 0 0
30 21 704 496 0 0 0
31 21 720 504 0 0 0
32 21 736 512 0 0 0
33 21 752 520 0 0 0
34 21 768 528 0 0 0
35 21 784 536 0 0 0
36 21 800 544 0 0 0
37 21 816 536 1 0 0
38 21 832 544 1 0 0
39 21 848 568 0 0 0
40 21 864 576 0 0 0
41 21 880 584 0 0 0
42 21 896 592 0 0 0
43 21 912 600 0 0 0
44 21 928 608 0 0 0
5 22 288 272 2 0 0
6 22 304 280 2 0 0
7 22 320 288 2 0 0
8 22 336 296 2 0 0
9 22 352 304 2 0 0
10 22 368 312 2 0 0
11 22 384 320 2 0 0
12 22 400 328 2 0 0
13 22 416 352 1 0 0
14 22 432 360 1 0 0
15 22 448 368 1 0 0
16 22 464 376 1 0 0
17 22 480 400 0 0 0
18 22 496 408 0 0 0
19 22 512 416 0 0 0
20 22 528 424 0 0 0
21 22 544 416 1 0 0
22 22 560 424 1 0 0
23 22 576 432 1 0 0
24 22 592 456 0 0 0
25 22 608 464 0 0 0
26 22 624 472 0 0 0
27 22 640 480 0 0 0
28 22 656 488 0 0 0
29 22 672 496 0 0 0
30 22 688 504 0 0 0
31 22 704 512 0 0 0
32 22 720 520 0 0 0
33 22 736 528 0 0 0
34 22 752 536 0 0 0
35 22 768 544 0 0 0
36 22 784 552 0 0 0
37 22 800 544 1 0 0
38 22 816 552 1 0 0
39 22 832 576 0 0 0
40 22 848 584 0 0 0
41 22 864 592 0 0 0
42 22 880 600 0 0 0
43 22 896 608 0 0 0
44 22 912 616 0 0 0
5 23 272 280 2 0 0
6 23 288 288 2 0 0
7 23 304 296 2 0 0
8 23 320 304 2 0 0
9 23 336 312 2 0 0
10 23 352 320 2 0 0
11 23 368 328 2 0 0
12 23 384 336 2 0 0
13 23 400 360 1 0 0
14 23 416 368 1 0 0
15 23 432 376 1 0 0
16 23 448 384 1 0 0
17 23 464 408 0 0 0
18 23 480 416 0 0 0
19 23 496 424 0 0 0
20 23 512 432 0 0 0
21 23 528 424 1 0 0
22 23 544 432 1 0 0
23 23 560 440 1 0 0
24 23 576 464 0 0 0
25 23 592 472 0 0 0
26 23 608 480 0 0 0
27 23 624 488 0 0 0
28 23 640 496 0 0 0
29 23 656 504 0 0 0
30 23 672 512 0 0 0
31 23 688 520 0 0 0
32 23 704 528 0 0 0
33 23 720 536 0 0 0
34 23 736 544 0 0 0
35 23 752 552 0 0 0
36 23 768 560 0 0 0
37 23 784 552 1 0 0
38 23 800 560 1 0 0
39 23 816 584 0 0 0
40 23 832 592 0 0 0
41 23 848 600 0 0 0
42 23 864 608 0 0 0
43 23 880 616 0 0 0
44 23 896 624 0 0 0
5 24 256 288 2 0 0
6 24 272 296 2 0 0
7 24 288 304 2 0 0
8 24 304 312 2 0 0
9 24 320 320 2 0 0
10 24 336 328 2 0 0
11 24 352 336 2 0 0
12 24 368 344 2 0 0
13 24 384 368 1 0 0
14 24 400 376 1 0 0
15 24 416 384 1 0 0
16 24 432 392 1 0 0
17 24 448 416 0 0 0
18 24 464 424 0 0 0
19 24 480 432 0 0 0
20 24 496 440 0 0 0
21 24 512 432 1 0 0
22 24 528 440 1 0 0
23 24 544 448 1 0 0
24 24 560 472 0 0 0
25 24 576 480 0 0 0
26 24 592 488 0 0 0
27 24 608 496 0 0 0
28 24 624 504 0 0 0
29 24 640 512 0 0 0
30 24 656 520 0 0 0
31 24 672 528 0 0 0
32 24 688 536 0 0 0
33 24 704 544 0 0 0
34 24 720 552 0 0 0
35 24 736 560 0 0 0
36 24 752 568 0 0 0
37 24 768 560 1 0 0
38 24 784 568 1 0 0
39 24 800 592 0 0 0
40 24 816 600 0 0 0
41 24 832 608 0 0 0
42 24 848 616 0 0 0
43 24 864 624 0 0 0
44 24 880 632 0 0 0
5 25 240 296 2 0 0
6 25 256 304 2 0 0
7 25 272 312 2 0 0
8 25 288 320 2 0 0
9 25 304 328 2 0 0
10 25 320 336 2 0 0
11 25 336 344 2 0 0
12 25 352 352 2 0 0
13 25 368 376 1 0 0
14 25 384 384 1 0 0
15 25 400 392 1 0 0
16 25 416 400 1 0 0
17 25 432 424 0 0 0
18 25 448 432 0 0 0
19 25 464 440 0 0 0
20 25 480 448 0 0 0
21 25 496 440 1 0 0
22 25 512 448 1 0 0
23 25 528 456 1 0 0
24 25 544 480 0 0 0
25 25 560 488 0 0 0
26 25 576 496 0 0 0
27 25 592 504 0 0 0
28 25 608 480 2 0 0
29 25 624 488 2 0 0
30 25 640 496 2 0 0
31 25 656 536 0 0 0
32 25 672 544 0 0 0
33 25 688 552 0 0 0
34 25 704 560 0 0 0
35 25 720 568 0 0 0
36 25 736 576 0 0 0
37 25 752 568 1 0 0
38 25 768 576 1 0 0
39 25 784 600 0 0 0
40 25 800 608 0 0 0
41 25 816 616 0 0 0
42 25 832 624 0 0 0
43 25 848 632 0 0 0
44 25 864 640 0 0 0
5 26 224 304 2 0 0
6 26 240 312 2 0 0
7 26 256 320 2 0 0
8 26 272 328 2 0 0
9 26 288 336 2 0 0
10 26 304 344 2 0 0
11 26 320 352 2 0 0
12 26 336 360 2 0 0
13 26 352 384 1 0 0
14 26 368 392 1 0 0
15 26 384 400 1 0 0
16 26 400 408 1 0 0
17 26 416 432 0 0 0
18 26 432 440 0 0 0
19 26 448 448 0 0 0
20 26 464 456 0 0 0
21 26 480 448 1 0 0
22 26 496 456 1 0 0
23 26 512 464 1 0 0
24 26 528 488 0 0 0
25 26 544 496 0 0 0
26 26 560 504 0 0 0
27 26 576 512 0 0 0
28 26 592 488 2 0 0
29 26 608 496 2 0 0
30 26 624 504 2 0 0
31 26 640 544 0 0 0
32 26 656 552 0 0 0
33 26 672 560 0 0 0
34 26 688 568 0 0 0
35 26 704 576 0 0 0
36 26 720 584 0 0 0
37 26 736 576 1 0 0
38 26 752 584 1 0 0
39 26 768 608 0 0 0
40 26 784 616 0 0 0
41 26 800 624 0 0 0
42 26 816 632 0 0 0
43 26 832 640 0 0 0
44 26 848 648 0 0 0
5 27 208 312 2 0 0
6 27 224 320 2 0 0
7 27 240 328 2 0 0
8 27 256 336 2 0 0
9 27 272 344 2 0 0
10 27 288 352 2 0 0
11 27 304 360 2 0 0
12 27 320 368 2 0 0
13 27 336 392 1 0 0
14 27 352 400 1 0 0
15 27 368 408 1 0 0
16 27 384 416 1 0 0
17 27 400 440 0 0 0
18 27 416 448 0 0 0
19 27 432 456 0 0 0
20 27 448 464 0 0 0
21 27 464 456 1 0 0
22 27 480 464 1 0 0
23 27 496 472 1 0 0
24 27 512 496 0 0 0
25 27 528 504 0 0 0
26 27 544 512 0 0 0
27 27 560 520 0 0 0
28 27 576 496 2 0 0
29 27 592 504 2 0 0
30 27 608 512 2 0 0
31 27 624 552 0 0 0
32 27 640 560 0 0 0
33 27 656 568 0 0 0
34 27 672 576 0 0 0
35 27 688 584 0 0 0
36 27 704 592 0 0 0
37 27 720 600 0 0 0
38 27 736 608 0 0 0
39 27 752 616 0 0 0
40 27 768 624 0 0 0
41 27 784 632 0 0 0
42 27 800 640 0 0 0
43 27 816 648 0 0 0
44 27 832 656 0 0 0
5 28 192 320 2 0 0
6 28 208 328 2 0 0
7 28 224 336 2 0 0
8 28 240 344 2 0 0
9 28 256 352 2 0 0
10 28 272 360 2 0 0
11 28 288 368 2 0 0
12 28 304 376 2 0 0
13 28 320 400 1 0 0
14 28 336 408 1 0 0
15 28 352 416 1 0 0
16 28 368 424 1 0 0
17 28 384 448 0 0 0
18 28 400 456 0 0 0
19 28 416 464 0 0 0
20 28 432 472 0 0 0
21 28 448 464 1 0 0
22 28 464 472 1 0 0
23 28 480 480 1 0 0
24 28 496 504 0 0 0
25 28 512 512 0 0 0
26 28 528 520 0 0 0
27 28 544 528 0 0 0
28 28 560 504 2 0 0
29 28 576 512 2 0 0
30 28 592 520 2 0 0
31 28 608 560 0 0 0
32 28 624 568 0 0 0
33 28 640 576 0 0 0
34 28 656 584 0 0 0
35 28 672 592 0 0 0
36 28 688 600 0 0 0
37 28 704 608 0 0 0
38 28 720 616 0 0 0
39 28 736 624 0 0 0
40 28 752 632 0 0 0
41 28 768 640 0 0 0
42 28 784 648 0 0 0
43 28 800 656 0 0 0
44 28 816 664 0 0 0
5 29 176 328 2 0 0
6 29 192 336 2 0 0
7 29 208 344 2 0 0
8 29 224 352 2 0 0
9 29 240 360 2 0 0
10 29 256 368 2 0 0
11 29 272 376 2 0 0
12 29 288 384 2 0 0
13 29 304 408 1 0 0
14 29 320 416 1 0 0
15 29 336 424 1 0 0
16 29 352 432 1 0 0
17 29 368 456 0 0 0
18 29 384 464 0 0 0
19 29 400 472 0 0 0
20 29 416 480 0 0 0
21 29 432 472 1 0 0
22 29 448 480 1 0 0
23 29 464 488 1 0 0
24 29 480 512 0 0 0
25 29 496 520 0 0 0
26 29 512 528 0 0 0
27 29 528 536 0 0 0
28 29 544 512 2 0 0
29 29 560 520 2 0 0
30 29 576 528 2 0 0
31 29 592 568 0 0 0
32 29 608 576 0 0 0
33 29 624 584 0 0 0
34 29 640 592 0 0 0
35 29 656 600 0 0 0
36 29 672 608 0 0 0
37 29 688 616 0 0 0
38 29 704 624 0 0 0
39 29 720 632 0 0 0
40 29 736 640 0 0 0
41 29 752 648 0 0 0
42 29 768 656 0 0 0
43 29 784 664 0 0 0
44 29 800 672 0 0 0
5 30 160 336 2 0 0
6 30 176 344 2 0 0
7 30 192 352 2 0 0
8 30 208 360 2 0 0
9 30 224 368 2 0 0
10 30 240 376 2 0 0
11 30 256 384 2 0 0
12 30 272 392 2 0 0
13 30 288 416 1 0 0
14 30 304 424 1 0 0
15 30 320 432 1 0 0
16 30 336 440 1 0 0
17 30 352 464 0 0 0
18 30 368 472 0 0 0
19 30 384 480 0 0 0
20 30 400 488 0 0 0
21 30 416 480 1 0 0
22 30 432 488 1 0 0
23 30 448 496 1 0 0
24 30 464 520 0 0 0
25 30 480 528 0 0 0
26 30 496 536 0 0 0
27 30 512 544 0 0 0
28 30 528 520 2 0 0
29 30 544 528 2 0 0
30 30 560 536 2 0 0
31 30 576 576 0 0 0
32 30 592 584 0 0 0
33 30 608 592 0 0 0
34 30 624 600 0 0 0
35 30 640 608 0 0 0
36 30 656 616 0 0 0
37 30 672 624 0 0 0
38 30 688 632 0 0 0
39 30 704 640 0 0 0
40 30 720 648 0 0 0
41 30 736 656 0 0 0
42 30 752 664 0 0 0
43 30 768 672 0 0 0
44 30 784 680 0 0 0
