#HEIGHTMAP: X Y HEIGHT RESTRICTIONS CLASSIFICATION
5 4 9 4 00
6 4 9 4 00
7 4 9 4 00
8 4 9 4 00
9 4 9 4 00
10 4 9 4 00
11 4 9 4 00
12 4 9 4 00
13 4 9 4 00
14 4 9 4 00
15 4 9 4 00
16 4 9 4 00
17 4 9 4 00
18 4 9 4 00
19 4 9 4 00
20 4 9 4 00
21 4 9 4 00
22 4 9 4 00
23 4 9 4 00
24 4 9 4 00
25 4 9 4 00
26 4 9 4 00
27 4 9 4 00
28 4 9 4 00
29 4 9 4 00
5 5 9 4 00
6 5 5 0 00
7 5 5 0 00
8 5 5 0 00
9 5 5 0 00
10 5 4 0 00
11 5 4 0 00
12 5 4 0 00
13 5 4 0 00
14 5 3 0 00
15 5 3 0 00
16 5 3 0 00
17 5 3 0 00
18 5 2 0 00
19 5 2 0 00
20 5 2 0 00
21 5 2 0 00
22 5 1 0 00
23 5 1 0 00
24 5 1 0 00
25 5 1 0 00
26 5 0 0 00
27 5 0 0 00
28 5 0 0 00
29 5 0 0 00
5 6 9 4 00
6 6 5 0 00
7 6 5 0 00
8 6 5 0 00
9 6 5 0 00
10 6 4 0 00
11 6 4 0 00
12 6 4 0 00
13 6 4 0 00
14 6 3 0 00
15 6 3 0 00
16 6 3 0 00
17 6 3 0 00
18 6 2 0 00
19 6 2 0 00
20 6 2 0 00
21 6 2 0 00
22 6 1 0 00
23 6 1 0 00
24 6 1 0 00
25 6 1 0 00
26 6 0 0 00
27 6 0 0 00
28 6 0 0 00
29 6 0 0 02
30 6 0 2 00
31 6 0 2 06
5 7 9 4 00
6 7 5 0 00
7 7 5 0 00
8 7 5 0 00
9 7 5 0 00
10 7 4 0 00
11 7 4 0 00
12 7 4 0 00
13 7 4 0 00
14 7 3 0 00
15 7 3 0 00
16 7 3 0 00
17 7 3 0 00
18 7 2 0 00
19 7 2 0 00
20 7 2 0 00
21 7 2 0 00
22 7 1 0 00
23 7 1 0 00
24 7 1 0 00
25 7 1 0 00
26 7 0 0 00
27 7 0 0 00
28 7 0 0 00
29 7 0 0 02
30 7 0 2 00
31 7 0 2 06
5 8 9 4 00
6 8 5 0 00
7 8 5 0 00
8 8 5 0 00
9 8 5 0 00
10 8 4 0 00
11 8 4 0 00
12 8 4 0 00
13 8 4 0 00
14 8 3 0 00
15 8 3 0 00
16 8 3 0 00
17 8 3 0 00
18 8 2 0 00
19 8 2 0 00
20 8 2 0 00
21 8 2 0 00
22 8 1 0 00
23 8 1 0 00
24 8 1 0 00
25 8 1 0 00
26 8 0 0 00
27 8 0 0 00
28 8 0 0 00
29 8 0 0 00
5 9 5 2 00
6 9 5 0 04
7 9 5 0 00
8 9 5 0 00
9 9 4 0 00
10 9 3 0 00
11 9 2 0 00
12 9 1 0 00
13 9 0 0 00
14 9 0 0 00
15 9 0 0 00
16 9 0 0 00
17 9 0 0 00
18 9 0 0 00
19 9 0 0 00
20 9 0 0 00
21 9 0 0 00
22 9 0 0 00
23 9 0 0 00
24 9 0 0 00
25 9 0 0 00
26 9 0 0 00
27 9 0 0 00
28 9 0 0 00
29 9 0 0 00
5 10 5 2 00
6 10 5 0 04
7 10 5 0 00
8 10 5 0 00
9 10 4 0 00
10 10 3 0 00
11 10 2 0 00
12 10 1 0 00
13 10 0 0 00
14 10 0 0 00
15 10 0 0 00
16 10 0 0 00
17 10 0 0 00
18 10 0 0 00
19 10 0 0 00
20 10 0 0 00
21 10 0 0 00
22 10 0 0 00
23 10 0 0 00
24 10 0 0 00
25 10 0 0 00
26 10 0 0 00
27 10 0 0 00
28 10 0 0 00
29 10 0 0 00
5 11 9 4 00
6 11 5 0 00
7 11 5 0 00
8 11 5 0 00
9 11 4 0 00
10 11 3 0 00
11 11 2 0 00
12 11 1 0 00
13 11 0 0 00
14 11 0 0 00
15 11 0 0 00
16 11 0 0 00
17 11 0 0 00
18 11 0 0 00
19 11 0 0 00
20 11 0 0 00
21 11 0 0 00
22 11 0 0 00
23 11 0 0 00
24 11 0 0 00
25 11 0 0 00
26 11 0 0 00
27 11 0 0 00
28 11 0 0 00
29 11 0 0 00
#TILEMAP: X Y XY.X XY.Y HEIGHT RESTRICTIONS CLASSIFICATION
5 4 272 0 9 4 0
6 4 288 8 9 4 0
7 4 304 16 9 4 0
8 4 320 24 9 4 0
9 4 336 32 9 4 0
10 4 352 40 9 4 0
11 4 368 48 9 4 0
12 4 384 56 9 4 0
13 4 400 64 9 4 0
14 4 416 72 9 4 0
15 4 432 80 9 4 0
16 4 448 88 9 4 0
17 4 464 96 9 4 0
18 4 480 104 9 4 0
19 4 496 112 9 4 0
20 4 512 120 9 4 0
21 4 528 128 9 4 0
22 4 544 136 9 4 0
23 4 560 144 9 4 0
24 4 576 152 9 4 0
25 4 592 160 9 4 0
26 4 608 168 9 4 0
27 4 624 176 9 4 0
28 4 640 184 9 4 0
29 4 656 192 9 4 0
5 5 256 8 9 4 0
6 5 272 80 5 0 0
7 5 288 88 5 0 0
8 5 304 96 5 0 0
9 5 320 104 5 0 0
10 5 336 128 4 0 0
11 5 352 136 4 0 0
12 5 368 144 4 0 0
13 5 384 152 4 0 0
14 5 400 176 3 0 0
15 5 416 184 3 0 0
16 5 432 192 3 0 0
17 5 448 200 3 0 0
18 5 464 224 2 0 0
19 5 480 232 2 0 0
20 5 496 240 2 0 0
21 5 512 248 2 0 0
22 5 528 272 1 0 0
23 5 544 280 1 0 0
24 5 560 288 1 0 0
25 5 576 296 1 0 0
26 5 592 320 0 0 0
27 5 608 328 0 0 0
28 5 624 336 0 0 0
29 5 640 344 0 0 0
5 6 240 16 9 4 0
6 6 256 88 5 0 0
7 6 272 96 5 0 0
8 6 288 104 5 0 0
9 6 304 112 5 0 0
10 6 320 136 4 0 0
11 6 336 144 4 0 0
12 6 352 152 4 0 0
13 6 368 160 4 0 0
14 6 384 184 3 0 0
15 6 400 192 3 0 0
16 6 416 200 3 0 0
17 6 432 208 3 0 0
18 6 448 232 2 0 0
19 6 464 240 2 0 0
20 6 480 248 2 0 0
21 6 496 256 2 0 0
22 6 512 280 1 0 0
23 6 528 288 1 0 0
24 6 544 296 1 0 0
25 6 560 304 1 0 0
26 6 576 328 0 0 0
27 6 592 336 0 0 0
28 6 608 344 0 0 0
29 6 624 352 0 0 2
30 6 640 360 0 2 0
31 6 656 368 0 2 6
5 7 224 24 9 4 0
6 7 240 96 5 0 0
7 7 256 104 5 0 0
8 7 272 112 5 0 0
9 7 288 120 5 0 0
10 7 304 144 4 0 0
11 7 320 152 4 0 0
12 7 336 160 4 0 0
13 7 352 168 4 0 0
14 7 368 192 3 0 0
15 7 384 200 3 0 0
16 7 400 208 3 0 0
17 7 416 216 3 0 0
18 7 432 240 2 0 0
19 7 448 248 2 0 0
20 7 464 256 2 0 0
21 7 480 264 2 0 0
22 7 496 288 1 0 0
23 7 512 296 1 0 0
24 7 528 304 1 0 0
25 7 544 312 1 0 0
26 7 560 336 0 0 0
27 7 576 344 0 0 0
28 7 592 352 0 0 0
29 7 608 360 0 0 2
30 7 624 368 0 2 0
31 7 640 376 0 2 6
5 8 208 32 9 4 0
6 8 224 104 5 0 0
7 8 240 112 5 0 0
8 8 256 120 5 0 0
9 8 272 128 5 0 0
10 8 288 152 4 0 0
11 8 304 160 4 0 0
12 8 320 168 4 0 0
13 8 336 176 4 0 0
14 8 352 200 3 0 0
15 8 368 208 3 0 0
16 8 384 216 3 0 0
17 8 400 224 3 0 0
18 8 416 248 2 0 0
19 8 432 256 2 0 0
20 8 448 264 2 0 0
21 8 464 272 2 0 0
22 8 480 296 1 0 0
23 8 496 304 1 0 0
24 8 512 312 1 0 0
25 8 528 320 1 0 0
26 8 544 344 0 0 0
27 8 560 352 0 0 0
28 8 576 360 0 0 0
29 8 592 368 0 0 0
5 9 192 104 5 2 0
6 9 208 112 5 0 4
7 9 224 120 5 0 0
8 9 240 128 5 0 0
9 9 256 152 4 0 0
10 9 272 176 3 0 0
11 9 288 200 2 0 0
12 9 304 224 1 0 0
13 9 320 248 0 0 0
14 9 336 256 0 0 0
15 9 352 264 0 0 0
16 9 368 272 0 0 0
17 9 384 280 0 0 0
18 9 400 288 0 0 0
19 9 416 296 0 0 0
20 9 432 304 0 0 0
21 9 448 312 0 0 0
22 9 464 320 0 0 0
23 9 480 328 0 0 0
24 9 496 336 0 0 0
25 9 512 344 0 0 0
26 9 528 352 0 0 0
27 9 544 360 0 0 0
28 9 560 368 0 0 0
29 9 576 376 0 0 0
5 10 176 112 5 2 0
6 10 192 120 5 0 4
7 10 208 128 5 0 0
8 10 224 136 5 0 0
9 10 240 160 4 0 0
10 10 256 184 3 0 0
11 10 272 208 2 0 0
12 10 288 232 1 0 0
13 10 304 256 0 0 0
14 10 320 264 0 0 0
15 10 336 272 0 0 0
16 10 352 280 0 0 0
17 10 368 288 0 0 0
18 10 384 296 0 0 0
19 10 400 304 0 0 0
20 10 416 312 0 0 0
21 10 432 320 0 0 0
22 10 448 328 0 0 0
23 10 464 336 0 0 0
24 10 480 344 0 0 0
25 10 496 352 0 0 0
26 10 512 360 0 0 0
27 10 528 368 0 0 0
28 10 544 376 0 0 0
29 10 560 384 0 0 0
5 11 160 56 9 4 0
6 11 176 128 5 0 0
7 11 192 136 5 0 0
8 11 208 144 5 0 0
9 11 224 168 4 0 0
10 11 240 192 3 0 0
11 11 256 216 2 0 0
12 11 272 240 1 0 0
13 11 288 264 0 0 0
14 11 304 272 0 0 0
15 11 320 280 0 0 0
16 11 336 288 0 0 0
17 11 352 296 0 0 0
18 11 368 304 0 0 0
19 11 384 312 0 0 0
20 11 400 320 0 0 0
21 11 416 328 0 0 0
22 11 432 336 0 0 0
23 11 448 344 0 0 0
24 11 464 352 0 0 0
25 11 480 360 0 0 0
26 11 496 368 0 0 0
27 11 512 376 0 0 0
28 11 528 384 0 0 0
29 11 544 392 0 0 0
