#HEIGHTMAP: X Y HEIGHT RESTRICTIONS CLASSIFICATION
11 10 A 2 00
10 11 A 0 00
11 11 A 0 01
12 11 A 0 00
10 12 A 0 00
11 12 A 0 00
12 12 A 0 00
10 13 0 0 0C
11 13 2 0 00
12 13 0 0 00
10 14 0 0 00
11 14 0 0 00
12 14 0 0 00
10 15 0 0 00
11 15 0 0 00
12 15 0 0 00
10 16 0 0 00
11 16 0 0 03
12 16 0 0 00
11 17 0 2 00
11 18 0 2 06
#TILEMAP: X Y XY.X XY.Y HEIGHT RESTRICTIONS CLASSIFICATION
11 10 400 80 10 2 0
10 11 368 80 10 0 0
11 11 384 88 10 0 1
12 11 400 96 10 0 0
10 12 352 88 10 0 0
11 12 368 96 10 0 0
12 12 384 104 10 0 0
10 13 336 256 0 0 12
11 13 352 232 2 0 0
12 13 368 272 0 0 0
10 14 320 264 0 0 0
11 14 336 272 0 0 0
12 14 352 280 0 0 0
10 15 304 272 0 0 0
11 15 320 280 0 0 0
12 15 336 288 0 0 0
10 16 288 280 0 0 0
11 16 304 288 0 0 3
12 16 320 296 0 0 0
11 17 288 296 0 2 0
11 18 272 304 0 2 6
