#HEIGHTMAP: X Y HEIGHT RESTRICTIONS CLASSIFICATION
0 0 0 0 00
1 0 0 0 00
2 0 0 0 00
3 0 0 0 00
4 0 0 0 00
0 1 0 0 00
1 1 0 0 00
2 1 0 0 00
3 1 0 0 00
4 1 0 0 00
0 2 0 0 00
1 2 0 0 00
2 2 0 0 00
3 2 0 0 00
4 2 0 0 00
0 3 0 0 00
1 3 0 0 00
2 3 0 0 00
3 3 0 0 00
4 3 0 0 00
0 4 0 0 00
1 4 0 0 00
2 4 0 0 00
3 4 0 0 00
4 4 0 0 00
0 5 0 0 00
1 5 0 0 00
2 5 0 0 00
3 5 0 0 00
4 5 0 0 00
0 6 0 0 00
1 6 0 0 00
2 6 0 0 03
3 6 0 0 00
4 6 0 0 00
2 7 0 2 00
2 8 0 2 06
#TILEMAP: X Y XY.X XY.Y HEIGHT RESTRICTIONS CLASSIFICATION
0 0 240 96 0 0 0
1 0 256 104 0 0 0
2 0 272 112 0 0 0
3 0 288 120 0 0 0
4 0 304 128 0 0 0
0 1 224 104 0 0 0
1 1 240 112 0 0 0
2 1 256 120 0 0 0
3 1 272 128 0 0 0
4 1 288 136 0 0 0
0 2 208 112 0 0 0
1 2 224 120 0 0 0
2 2 240 128 0 0 0
3 2 256 136 0 0 0
4 2 272 144 0 0 0
0 3 192 120 0 0 0
1 3 208 128 0 0 0
2 3 224 136 0 0 0
3 3 240 144 0 0 0
4 3 256 152 0 0 0
0 4 176 128 0 0 0
1 4 192 136 0 0 0
2 4 208 144 0 0 0
3 4 224 152 0 0 0
4 4 240 160 0 0 0
0 5 160 136 0 0 0
1 5 176 144 0 0 0
2 5 192 152 0 0 0
3 5 208 160 0 0 0
4 5 224 168 0 0 0
0 6 144 144 0 0 0
1 6 160 152 0 0 0
2 6 176 160 0 0 3
3 6 192 168 0 0 0
4 6 208 176 0 0 0
2 7 160 168 0 2 0
2 8 144 176 0 2 6
